      t            y            dy          frac
      0.0000       20.6063      0.4559      1.0000
      100.0000     20.8391      0.4583      1.0000
      200.0000     20.6583      0.4620      1.0000
      300.0000     21.2016      0.4635      1.0000
      400.0000     21.8994      0.4696      1.0000
      500.0000     21.7235      0.4682      1.0000
      600.0000     20.6583      0.4568      1.0000
      700.0000     20.2697      0.4517      1.0000
      800.0000     19.7486      0.4465      1.0000
      900.0000     20.8891      0.4589      1.0000
     1000.0000     21.0514      0.4607      1.0000
     1100.0000     21.8885      0.4726      1.0000
     1200.0000     21.4311      0.4663      1.0000
     1300.0000     19.4230      0.4432      1.0000
     1400.0000     18.4037      0.4311      1.0000
     1500.0000     17.9151      0.4247      1.0000
     1600.0000     17.2576      0.4168      1.0000
     1700.0000     16.8007      0.4109      1.0000
     1800.0000     18.0902      0.4267      1.0000
     1900.0000     17.6679      0.4216      1.0000
     2000.0000     17.3348      0.4179      1.0000
     2100.0000     17.4084      0.4182      1.0000
     2200.0000     16.9602      0.4132      1.0000
     2300.0000     17.3668      0.4186      1.0000
     2400.0000     17.8351      0.4237      1.0000
     2500.0000     17.7061      0.4216      1.0000
     2600.0000     17.9197      0.4249      1.0000
     2700.0000     16.2159      0.4037      1.0000
     2800.0000     17.2845      0.4175      1.0000
     2900.0000     18.2168      0.4287      1.0000
     3000.0000     18.6705      0.4332      1.0000
     3100.0000     19.3040      0.4413      1.0000
     3200.0000     20.0151      0.4487      1.0000
     3300.0000     21.2874      0.4628      1.0000
     3400.0000     22.0840      0.4718      1.0000
     3500.0000     20.2774      0.4517      1.0000
     3600.0000     19.7348      0.4457      1.0000
     3700.0000     19.5874      0.4440      1.0000
     3800.0000     19.0699      0.4381      1.0000
     3900.0000     18.9779      0.4368      1.0000
     4000.0000     19.1151      0.4386      1.0000
     4100.0000     19.1668      0.4396      1.0000
     4200.0000     19.4114      0.4426      1.0000
     4300.0000     19.7979      0.4461      1.0000
     4400.0000     20.4874      0.4541      1.0000
     4500.0000     19.4597      0.4427      1.0000
     4600.0000     19.7437      0.4464      1.0000
     4700.0000     19.9840      0.4490      1.0000
     4800.0000     20.4278      0.4545      1.0000
     4900.0000     22.3717      0.4746      1.0000
     5000.0000     22.1845      0.4725      1.0000
     5100.0000     21.4902      0.4647      1.0000
     5200.0000     21.8414      0.4692      1.0000
     5300.0000     19.9704      0.4494      1.0000
     5400.0000     21.1863      0.4622      1.0000
     5500.0000     22.4679      0.4751      1.0000
     5600.0000     22.3076      0.4736      1.0000
     5700.0000     22.4256      0.4745      1.0000
     5800.0000     22.5207      0.4755      1.0000
     5900.0000     22.1474      0.4720      1.0000
     6000.0000     22.5728      0.4762      1.0000
     6100.0000     21.6782      0.4666      1.0000
     6200.0000     23.0228      0.4809      1.0000
     6300.0000     22.5379      0.4758      1.0000
     6400.0000     21.4910      0.4644      1.0000
     6500.0000     20.3559      0.4521      1.0000
     6600.0000     19.3161      0.4403      1.0000
     6700.0000     18.9387      0.4360      1.0000
     6800.0000     18.4379      0.4305      1.0000
     6900.0000     17.9402      0.4249      1.0000
     7000.0000     18.9082      0.4359      1.0000
     7100.0000     18.4610      0.4305      1.0000
     7200.0000     18.9828      0.4370      1.0000
     7300.0000     19.5628      0.4436      1.0000
     7400.0000     19.8382      0.4464      1.0000
     7500.0000     20.0805      0.4492      1.0000
     7600.0000     19.5833      0.4435      1.0000
     7700.0000     20.8228      0.4575      1.0000
     7800.0000     21.1533      0.4609      1.0000
     7900.0000     22.2928      0.4733      1.0000
     8000.0000     22.3251      0.4738      1.0000
     8100.0000     22.4659      0.4749      1.0000
     8200.0000     21.3053      0.4627      1.0000
     8300.0000     21.4859      0.4644      1.0000
     8400.0000     21.6228      0.4661      1.0000
     8500.0000     21.7876      0.4681      1.0000
     8600.0000     22.9407      0.4799      1.0000
     8700.0000     22.8782      0.4793      1.0000
     8800.0000     24.1433      0.4922      1.0000
     8900.0000     23.5456      0.4862      1.0000
     9000.0000     25.2571      0.5040      1.0000
     9100.0000     26.5328      0.5161      1.0000
     9200.0000     26.8676      0.5194      1.0000
     9300.0000     25.5920      0.5074      1.0000
     9400.0000     26.4779      0.5156      1.0000
     9500.0000     27.7428      0.5277      1.0000
     9600.0000     28.4476      0.5344      1.0000
     9700.0000     28.6045      0.5362      1.0000
     9800.0000     28.2922      0.5332      1.0000
     9900.0000     28.0240      0.5310      1.0000
    10000.0000     27.9482      0.5295      1.0000
    10100.0000     26.9328      0.5200      1.0000
    10200.0000     27.7774      0.5282      1.0000
    10300.0000     28.3694      0.5341      1.0000
    10400.0000     30.8630      0.5564      1.0000
    10500.0000     29.7922      0.5471      1.0000
    10600.0000     28.7029      0.8821      0.3707
    10700.0000     29.1258      0.5423      0.9935
    10800.0000     27.3166      0.5242      1.0000
    10900.0000     25.5125      0.5063      1.0000
    11000.0000     26.4433      0.5151      1.0000
    11100.0000     25.2481      0.5046      1.0000
    11200.0000     24.6220      0.4977      1.0000
    11300.0000     25.2551      0.5037      1.0000
    11400.0000     24.2528      0.4936      1.0000
    11500.0000     25.7228      0.5082      1.0000
    11600.0000     25.8320      0.5097      1.0000
    11700.0000     25.5636      0.5063      1.0000
    11800.0000     26.1225      0.5123      1.0000
    11900.0000     24.9302      0.5004      1.0000
    12000.0000     25.7602      0.5086      1.0000
    12100.0000     25.1217      0.5028      1.0000
    12200.0000     25.0483      0.5025      1.0000
    12300.0000     26.8166      0.5194      1.0000
    12400.0000     27.0379      0.5210      1.0000
    12500.0000     25.7420      0.5088      1.0000
    12600.0000     25.6817      0.5083      1.0000
    12700.0000     25.2948      0.5043      1.0000
    12800.0000     24.3048      0.4944      1.0000
    12900.0000     23.9237      0.4910      1.0000
    13000.0000     23.7237      0.4890      1.0000
    13100.0000     23.8363      0.4901      1.0000
    13200.0000     23.5825      0.4869      1.0000
    13300.0000     22.9637      0.4811      1.0000
    13400.0000     23.0191      0.4814      1.0000
    13500.0000     24.7776      0.4989      1.0000
    13600.0000     25.9751      0.5108      1.0000
    13700.0000     27.0620      0.5216      1.0000
    13800.0000     24.5020      0.4965      1.0000
    13900.0000     24.6163      0.4980      1.0000
    14000.0000     27.0870      0.5230      1.0000
    14100.0000     27.8268      0.5290      1.0000
    14200.0000     27.4812      0.5260      1.0000
    14300.0000     28.2843      0.5333      1.0000
    14400.0000     29.8447      0.5487      1.0000
    14500.0000     29.5153      0.5454      1.0000
    14600.0000     28.9747      0.5407      1.0000
    14700.0000     29.0493      0.5415      1.0000
    14800.0000     29.4965      0.5458      1.0000
    14900.0000     27.5839      0.5280      1.0000
    15000.0000     26.6373      0.5186      1.0000
    15100.0000     26.2245      0.5147      1.0000
    15200.0000     24.8316      0.5012      1.0000
    15300.0000     25.6306      0.5083      1.0000
    15400.0000     24.8614      0.5004      1.0000
    15500.0000     26.4576      0.5167      1.0000
    15600.0000     24.4725      0.4960      1.0000
    15700.0000     25.1451      0.5026      1.0000
    15800.0000     25.3304      0.5056      1.0000
    15900.0000     25.5383      0.5074      1.0000
    16000.0000     26.8363      0.5198      1.0000
    16100.0000     26.4532      0.5163      1.0000
    16200.0000     26.3191      0.5146      1.0000
    16300.0000     26.1453      0.5136      1.0000
    16400.0000     27.2968      0.5239      1.0000
    16500.0000     27.7920      0.5286      1.0000
    16600.0000     28.0902      0.5310      1.0000
    16700.0000     28.1476      0.5316      1.0000
    16800.0000     26.5625      0.5165      1.0000
    16900.0000     26.3658      0.5155      1.0000
    17000.0000     26.0812      0.5126      1.0000
    17100.0000     24.5205      0.4962      1.0000
    17200.0000     24.8859      0.4997      1.0000
    17300.0000     24.3341      0.4938      1.0000
    17400.0000     23.1205      0.4819      1.0000
    17500.0000     23.2025      0.4830      1.0000
    17600.0000     24.1251      0.4923      1.0000
    17700.0000     22.7274      0.4781      1.0000
    17800.0000     21.9102      0.4692      1.0000
    17900.0000     21.9507      0.4695      1.0000
    18000.0000     20.5636      0.4543      1.0000
    18100.0000     19.8882      0.4470      1.0000
    18200.0000     20.7174      0.4566      1.0000
    18300.0000     20.8933      0.4580      1.0000
    18400.0000     22.1679      0.4719      1.0000
    18500.0000     21.1579      0.4611      1.0000
    18600.0000     21.9189      0.4687      1.0000
    18700.0000     21.5505      0.4653      1.0000
    18800.0000     21.0105      0.4594      1.0000
    18900.0000     21.0456      0.4598      1.0000
    19000.0000     19.9679      0.4480      1.0000
    19100.0000     20.6835      0.4556      1.0000
    19200.0000     19.5628      0.4436      1.0000
    19300.0000     19.9228      0.4476      1.0000
    19400.0000     20.4107      0.4527      1.0000
    19500.0000     20.8310      0.4573      1.0000
    19600.0000     19.8276      0.4466      1.0000
    19700.0000     19.9461      0.4474      1.0000
    19800.0000     19.0830      0.4379      1.0000
    19900.0000     19.1707      0.4388      1.0000
    20000.0000     20.0028      0.4484      1.0000
    20100.0000     18.7822      0.4349      1.0000
    20200.0000     19.1861      0.4388      1.0000
    20300.0000     18.8415      0.4346      1.0000
    20400.0000     19.1136      0.4380      1.0000
    20500.0000     20.1076      0.4497      1.0000
    20600.0000     20.4602      0.4536      1.0000
    20700.0000     20.8907      0.4580      1.0000
    20800.0000     19.5135      0.4426      1.0000
    20900.0000     20.2476      0.4513      1.0000
    21000.0000     19.1810      0.4388      1.0000
    21100.0000     19.4184      0.4416      1.0000
    21200.0000     18.8705      0.4355      1.0000
    21300.0000     19.6825      0.4450      1.0000
    21400.0000     19.3707      0.4411      1.0000
    21500.0000     19.8307      0.4463      1.0000
    21600.0000     20.6630      0.4556      1.0000
    21700.0000     20.3384      0.4519      1.0000
    21800.0000     20.1379      0.4499      1.0000
    21900.0000     20.2584      0.4510      1.0000
    22000.0000     21.9625      0.4700      1.0000
    22100.0000     21.4874      0.4650      1.0000
    22200.0000     19.9322      0.4480      1.0000
    22300.0000     21.3907      0.4634      1.0000
    22400.0000     21.5207      0.4649      1.0000
    22500.0000     21.8459      0.4683      1.0000
    22600.0000     21.0522      0.4603      1.0000
    22700.0000     21.4810      0.4643      1.0000
    22800.0000     20.9805      0.4591      1.0000
    22900.0000     20.8082      0.4571      1.0000
    23000.0000     21.7428      0.4674      1.0000
    23100.0000     21.4982      0.4646      1.0000
    23200.0000     19.8876      0.4473      1.0000
    23300.0000     21.0305      0.4597      1.0000
    23400.0000     20.6859      0.4557      1.0000
    23500.0000     20.4110      0.4526      1.0000
    23600.0000     21.4030      0.4637      1.0000
    23700.0000     20.3012      0.4512      1.0000
    23800.0000     20.3128      0.4519      1.0000
    23900.0000     20.4222      0.4534      1.0000
    24000.0000     20.5002      0.4541      1.0000
    24100.0000     19.4259      0.4417      1.0000
    24200.0000     21.1879      0.4614      1.0000
    24300.0000     21.4076      0.4640      1.0000
    24400.0000     19.4712      0.4419      1.0000
    24500.0000     19.7030      0.4449      1.0000
    24600.0000     19.4384      0.4418      1.0000
    24700.0000     18.4636      0.4305      1.0000
    24800.0000     18.3779      0.4299      1.0000
    24900.0000     18.6476      0.4332      1.0000
    25000.0000     20.4030      0.4527      1.0000
    25100.0000     20.6828      0.4559      1.0000
    25200.0000     20.9033      0.4581      1.0000
    25300.0000     21.0779      0.4602      1.0000
    25400.0000     21.6348      0.4666      1.0000
    25500.0000     22.2299      0.4728      1.0000
    25600.0000     23.1820      0.4830      1.0000
    25700.0000     23.5945      0.4872      1.0000
    25800.0000     23.5766      0.4873      1.0000
    25900.0000     23.5559      0.4862      1.0000
    26000.0000     23.5428      0.4863      1.0000
    26100.0000     25.2812      0.5034      1.0000
    26200.0000     25.4505      0.5055      1.0000
    26300.0000     26.5151      0.5160      1.0000
    26400.0000     27.2948      0.5238      1.0000
    26500.0000     26.2830      0.5136      1.0000
    26600.0000     26.1548      0.5127      1.0000
    26700.0000     26.3579      0.5144      1.0000
    26800.0000     27.3674      0.5244      1.0000
    26900.0000     28.4820      0.5351      1.0000
    27000.0000     28.6402      0.5362      1.0000
    27100.0000     29.2999      0.5424      1.0000
    27200.0000     27.9343      0.5300      1.0000
    27300.0000     27.3109      0.5245      1.0000
    27400.0000     25.7720      0.5091      1.0000
    27500.0000     24.5125      0.4964      1.0000
    27600.0000     24.6448      0.4978      1.0000
    27700.0000     22.9363      0.4808      1.0000
    27800.0000     23.7202      0.4882      1.0000
    27900.0000     23.9114      0.4908      1.0000
    28000.0000     22.7260      0.4787      1.0000
    28100.0000     22.6735      0.4782      1.0000
    28200.0000     23.2999      0.4853      1.0000
    28300.0000     22.2491      0.4735      1.0000
    28400.0000     23.2202      0.4830      1.0000
    28500.0000     23.6063      0.4877      1.0000
    28600.0000     22.1751      0.4722      1.0000
    28700.0000     22.8453      0.4791      1.0000
    28800.0000     23.1830      0.4825      1.0000
    28900.0000     22.8007      0.4784      1.0000
    29000.0000     23.5428      0.4863      1.0000
    29100.0000     22.5266      0.4751      1.0000
    29200.0000     21.5699      0.4658      1.0000
    29300.0000     20.5835      0.4545      1.0000
    29400.0000     21.0202      0.4598      1.0000
    29500.0000     20.2461      0.4508      1.0000
    29600.0000     20.9633      0.4588      1.0000
    29700.0000     20.6610      0.4554      1.0000
    29800.0000     21.1525      0.4613      1.0000
    29900.0000     21.1710      0.4610      1.0000
    30000.0000     20.2861      0.4512      1.0000
    30100.0000     20.8682      0.4578      1.0000
    30200.0000     19.8884      0.4469      1.0000
    30300.0000     20.2105      0.4506      1.0000
    30400.0000     21.8351      0.4686      1.0000
    30500.0000     20.7882      0.4569      1.0000
    30600.0000     20.8484      0.4575      1.0000
    30700.0000     20.1402      0.4501      1.0000
    30800.0000     19.6059      0.4437      1.0000
    30900.0000     17.5661      0.4200      1.0000
    31000.0000     18.7061      0.4333      1.0000
    31100.0000     18.4059      0.4300      1.0000
    31200.0000     17.8415      0.4229      1.0000
    31300.0000     17.3456      0.4176      1.0000
    31400.0000     17.3410      0.4173      1.0000
    31500.0000     16.7115      0.4094      1.0000
    31600.0000     16.9687      0.4128      1.0000
    31700.0000     17.0805      0.4144      1.0000
    31800.0000     17.2535      0.4163      1.0000
    31900.0000     17.0212      0.4134      1.0000
    32000.0000     18.3887      0.4296      1.0000
    32100.0000     19.1412      0.4382      1.0000
    32200.0000     19.5764      0.4430      1.0000
    32300.0000     19.8202      0.4465      1.0000
    32400.0000     20.7433      0.4564      1.0000
    32500.0000     22.3933      0.4741      1.0000
    32600.0000     22.3759      0.4739      1.0000
    32700.0000     22.5135      0.4753      1.0000
    32800.0000     20.9910      0.4590      1.0000
    32900.0000     21.1930      0.4614      1.0000
    33000.0000     21.3410      0.4628      1.0000
    33100.0000     21.1933      0.4613      1.0000
    33200.0000     20.8884      0.4579      1.0000
    33300.0000     20.1328      0.4499      1.0000
    33400.0000     20.3212      0.4514      1.0000
    33500.0000     19.6805      0.4447      1.0000
    33600.0000     18.5805      0.4322      1.0000
    33700.0000     18.3356      0.4293      1.0000
    33800.0000     17.9787      0.4248      1.0000
    33900.0000     17.3812      0.4176      1.0000
    34000.0000     18.1861      0.4273      1.0000
    34100.0000     18.0138      0.4251      1.0000
    34200.0000     17.6884      0.4215      1.0000
    34300.0000     18.1428      0.4273      1.0000
    34400.0000     18.6028      0.4326      1.0000
    34500.0000     18.3959      0.4299      1.0000
    34600.0000     19.0938      0.4376      1.0000
    34700.0000     20.4030      0.4527      1.0000
    34800.0000     20.9179      0.4585      1.0000
    34900.0000     21.0482      0.4598      1.0000
    35000.0000     20.3584      0.4521      1.0000
    35100.0000     19.3099      0.4409      1.0000
    35200.0000     18.9556      0.4364      1.0000
    35300.0000     18.3136      0.4288      1.0000
    35400.0000     17.0561      0.4138      1.0000
    35500.0000     16.9676      0.4133      1.0000
    35600.0000     16.6359      0.4089      1.0000
    35700.0000     15.6987      0.3971      1.0000
    35800.0000     15.9789      0.4003      1.0000
    35900.0000     15.6259      0.3963      1.0000
    36000.0000     16.4412      0.4063      1.0000
    36100.0000     15.2036      0.3908      1.0000
    36200.0000     15.6587      0.3966      1.0000
    36300.0000     15.4364      0.3935      1.0000
    36400.0000     15.9433      0.4003      1.0000
    36500.0000     16.6936      0.4095      1.0000
    36600.0000     16.7610      0.4103      1.0000
    36700.0000     17.2684      0.4165      1.0000
    36800.0000     17.4335      0.4184      1.0000
    36900.0000     16.7956      0.4109      1.0000
    37000.0000     17.4605      0.4190      1.0000
    37100.0000     16.1412      0.4026      1.0000
    37200.0000     16.4287      0.4062      1.0000
    37300.0000     16.0010      0.4009      1.0000
    37400.0000     17.0438      0.4135      1.0000
    37500.0000     16.6138      0.4083      1.0000
    37600.0000     16.8312      0.4111      1.0000
    37700.0000     16.4861      0.4069      1.0000
    37800.0000     16.7507      0.4103      1.0000
    37900.0000     17.0687      0.4140      1.0000
    38000.0000     16.9736      0.4129      1.0000
    38100.0000     15.6012      0.3958      1.0000
    38200.0000     15.1184      0.3898      1.0000
    38300.0000     14.4784      0.3815      1.0000
    38400.0000     14.8035      0.3857      1.0000
    38500.0000     14.5535      0.3824      1.0000
    38600.0000     15.6835      0.3969      1.0000
    38700.0000     16.5659      0.4080      1.0000
    38800.0000     15.4361      0.3938      1.0000
    38900.0000     15.5110      0.3948      1.0000
    39000.0000     15.4676      0.3948      1.0000
    39100.0000     15.2676      0.3922      1.0000
    39200.0000     14.9984      0.3883      1.0000
    39300.0000     15.1564      0.3900      1.0000
    39400.0000     14.0433      0.3758      1.0000
    39500.0000     14.8607      0.3866      1.0000
    39600.0000     14.5687      0.3826      1.0000
    39700.0000     14.4279      0.3812      1.0000
    39800.0000     14.8341      0.3857      1.0000
    39900.0000     13.3092      0.3653      1.0000
    40000.0000     15.0087      0.3883      1.0000
    40100.0000     15.2436      0.3914      1.0000
    40200.0000     15.3156      0.3925      1.0000
    40300.0000     15.1082      0.3898      1.0000
    40400.0000     14.6853      0.3846      1.0000
    40500.0000     14.7333      0.3849      1.0000
    40600.0000     15.4238      0.3935      1.0000
    40700.0000     14.6012      0.3830      1.0000
    40800.0000     14.7484      0.3850      1.0000
    40900.0000     16.8589      0.4112      1.0000
    41000.0000     17.4279      0.4187      1.0000
    41100.0000     17.6284      0.4208      1.0000
    41200.0000     17.8533      0.4235      1.0000
    41300.0000     16.9684      0.4129      1.0000
    41400.0000     16.9838      0.4128      1.0000
    41500.0000     16.9810      0.4130      1.0000
    41600.0000     16.9459      0.4126      1.0000
    41700.0000     16.5530      0.4080      1.0000
    41800.0000     17.1951      0.4161      1.0000
    41900.0000     16.9261      0.4123      1.0000
    42000.0000     17.3235      0.4171      1.0000
    42100.0000     17.1756      0.4155      1.0000
    42200.0000     16.9512      0.4125      1.0000
    42300.0000     17.6261      0.4207      1.0000
    42400.0000     17.5384      0.4197      1.0000
    42500.0000     17.6459      0.4210      1.0000
    42600.0000     17.7253      0.4223      1.0000
    42700.0000     16.3253      0.4054      1.0000
    42800.0000     15.8807      0.3996      1.0000
    42900.0000     15.6930      0.3973      1.0000
    43000.0000     15.3707      0.3931      1.0000
    43100.0000     16.4064      0.4057      1.0000
    43200.0000     14.6561      0.3837      1.0000
    43300.0000     15.2961      0.3920      1.0000
    43400.0000     16.2410      0.4039      1.0000
    43500.0000     16.0984      0.4022      1.0000
    43600.0000     15.8656      0.3994      1.0000
    43700.0000     15.9159      0.3999      1.0000
    43800.0000     17.2638      0.4162      1.0000
    43900.0000     17.6212      0.4205      1.0000
    44000.0000     16.8636      0.4115      1.0000
    44100.0000     16.7684      0.4104      1.0000
    44200.0000     16.0769      0.4013      1.0000
    44300.0000     16.5212      0.4073      1.0000
    44400.0000     18.1438      0.4266      1.0000
    44500.0000     17.1387      0.4148      1.0000
    44600.0000     16.4736      0.4068      1.0000
    44700.0000     16.7338      0.4097      1.0000
    44800.0000     16.9164      0.4119      1.0000
    44900.0000     15.6461      0.3964      1.0000
    45000.0000     16.3512      0.4052      1.0000
    45100.0000     16.5661      0.4079      1.0000
    45200.0000     17.0610      0.4140      1.0000
    45300.0000     17.1659      0.4153      1.0000
    45400.0000     17.5582      0.4201      1.0000
    45500.0000     18.3856      0.4299      1.0000
    45600.0000     17.6187      0.4206      1.0000
    45700.0000     17.6615      0.4208      1.0000
    45800.0000     17.2482      0.4164      1.0000
    45900.0000     18.1010      0.4263      1.0000
    46000.0000     17.3010      0.4169      1.0000
    46100.0000     17.8628      0.4240      1.0000
    46200.0000     18.2053      0.4280      1.0000
    46300.0000     17.9579      0.4249      1.0000
    46400.0000     17.6561      0.4210      1.0000
    46500.0000     17.4233      0.4184      1.0000
    46600.0000     17.6482      0.4212      1.0000
    46700.0000     17.3356      0.4175      1.0000
    46800.0000     16.6110      0.4085      1.0000
    46900.0000     16.2936      0.4046      1.0000
    47000.0000     16.0656      0.4019      1.0000
    47100.0000     15.5607      0.3955      1.0000
    47200.0000     16.1343      0.4021      1.0000
    47300.0000     17.8082      0.4230      1.0000
    47400.0000     17.9807      0.4251      1.0000
    47500.0000     18.4953      0.4313      1.0000
    47600.0000     19.7159      0.4449      1.0000
    47700.0000     19.5056      0.4427      1.0000
    47800.0000     19.2659      0.4399      1.0000
    47900.0000     19.1284      0.4383      1.0000
    48000.0000     20.2836      0.4512      1.0000
    48100.0000     19.4361      0.4417      1.0000
    48200.0000     20.9228      0.4586      1.0000
    48300.0000     20.8307      0.4574      1.0000
    48400.0000     21.4405      0.4641      1.0000
    48500.0000     23.1759      0.4823      1.0000
    48600.0000     24.6102      0.4972      1.0000
    48700.0000     24.5725      0.4970      1.0000
    48800.0000     23.9389      0.4898      1.0000
    48900.0000     23.7710      0.4884      1.0000
    49000.0000     23.8656      0.4895      1.0000
    49100.0000     25.0679      0.5017      1.0000
    49200.0000     24.3882      0.4948      1.0000
    49300.0000     24.1810      0.4925      1.0000
    49400.0000     24.3012      0.4936      1.0000
    49500.0000     24.1630      0.4925      1.0000
    49600.0000     24.3759      0.4946      1.0000
    49700.0000     24.0459      0.4912      1.0000
    49800.0000     23.1856      0.4825      1.0000
    49900.0000     23.1207      0.4818      1.0000
    50000.0000     22.3833      0.4740      1.0000
    50100.0000     22.5956      0.4763      1.0000
    50200.0000     21.2907      0.4624      1.0000
    50300.0000     20.2184      0.4505      1.0000
    50400.0000     19.7384      0.4452      1.0000
    50500.0000     19.7512      0.4451      1.0000
    50600.0000     19.4628      0.4425      1.0000
    50700.0000     18.5410      0.4315      1.0000
    50800.0000     18.7033      0.4334      1.0000
    50900.0000     18.7320      0.5274      0.6771
    51000.0000     20.2433      0.4509      1.0000
    51100.0000     21.7707      0.4675      1.0000
    51200.0000     21.7756      0.4676      1.0000
    51300.0000     23.0905      0.4816      1.0000
    51400.0000     21.8882      0.4688      1.0000
    51500.0000     23.6399      0.4875      1.0000
    51600.0000     23.6451      0.4874      1.0000
    51700.0000     23.4130      0.4849      1.0000
    51800.0000     23.1679      0.4824      1.0000
    51900.0000     21.7651      0.4678      1.0000
    52000.0000     21.4407      0.4640      1.0000
    52100.0000     20.3556      0.4522      1.0000
    52200.0000     20.6112      0.4546      1.0000
    52300.0000     20.9307      0.4585      1.0000
    52400.0000     19.8861      0.4467      1.0000
    52500.0000     19.8774      0.4473      1.0000
    52600.0000     19.8461      0.4463      1.0000
    52700.0000     19.8184      0.4461      1.0000
    52800.0000     21.7184      0.4669      1.0000
    52900.0000     20.9802      0.4593      1.0000
    53000.0000     21.3905      0.4636      1.0000
    53100.0000     20.4684      0.4533      1.0000
    53200.0000     21.6407      0.4661      1.0000
    53300.0000     20.7307      0.4563      1.0000
    53400.0000     21.5556      0.4653      1.0000
    53500.0000     21.4938      0.4642      1.0000
    53600.0000     21.2710      0.4620      1.0000
    53700.0000     20.1110      0.4493      1.0000
    53800.0000     19.4289      0.4413      1.0000
    53900.0000     19.4512      0.4417      1.0000
    54000.0000     19.7507      0.4454      1.0000
    54100.0000     19.1136      0.4380      1.0000
    54200.0000     18.8633      0.4353      1.0000
    54300.0000     19.5333      0.4429      1.0000
    54400.0000     18.2641      0.4279      1.0000
    54500.0000     18.0633      0.4260      1.0000
    54600.0000     18.0184      0.4254      1.0000
    54700.0000     17.6979      0.4220      1.0000
    54800.0000     17.6210      0.4207      1.0000
    54900.0000     17.8861      0.4238      1.0000
    55000.0000     18.3533      0.4294      1.0000
    55100.0000     18.4661      0.4305      1.0000
    55200.0000     18.2307      0.4280      1.0000
    55300.0000     19.6359      0.4440      1.0000
    55400.0000     19.0984      0.4379      1.0000
    55500.0000     18.8284      0.4348      1.0000
    55600.0000     17.8231      0.5734      0.5446
    55700.0000     17.7200      0.4362      0.9359
    55800.0000     17.6754      0.4229      0.9909
    55900.0000     17.1936      0.4155      1.0000
    56000.0000     16.4433      0.4065      1.0000
    56100.0000     16.7784      0.4106      1.0000
    56200.0000     16.9235      0.4123      1.0000
    56300.0000     16.6082      0.4086      1.0000
    56400.0000     16.2861      0.4044      1.0000
    56500.0000     16.3512      0.4052      1.0000
    56600.0000     16.6507      0.4091      1.0000
    56700.0000     16.6064      0.4081      1.0000
    56800.0000     16.8874      0.4125      1.0000
    56900.0000     17.2005      0.4159      1.0000
    57000.0000     18.0630      0.4261      1.0000
    57100.0000     17.6236      0.4207      1.0000
    57200.0000     17.6033      0.4206      1.0000
    57300.0000     16.9430      0.4128      1.0000
    57400.0000     16.5441      0.4073      1.0000
    57500.0000     17.2587      0.4163      1.0000
    57600.0000     17.9912      0.4248      1.0000
    57700.0000     18.0456      0.4259      1.0000
    57800.0000     17.9538      0.4244      1.0000
    57900.0000     17.4159      0.4183      1.0000
    58000.0000     16.6307      0.4089      1.0000
    58100.0000     16.6635      0.4091      1.0000
    58200.0000     17.0933      0.4144      1.0000
    58300.0000     17.6915      0.4212      1.0000
    58400.0000     16.8759      0.4118      1.0000
    58500.0000     16.5833      0.4082      1.0000
    58600.0000     16.5287      0.4074      1.0000
    58700.0000     15.8710      0.3993      1.0000
    58800.0000     16.0584      0.4017      1.0000
    58900.0000     17.2138      0.4156      1.0000
    59000.0000     17.6938      0.4213      1.0000
    59100.0000     18.6233      0.4325      1.0000
    59200.0000     20.3584      0.4521      1.0000
    59300.0000     21.1782      0.4612      1.0000
    59400.0000     21.0135      0.4592      1.0000
    59500.0000     21.2889      0.4619      1.0000
    59600.0000     21.4984      0.4645      1.0000
    59700.0000     22.7530      0.4780      1.0000
    59800.0000     22.6551      0.4773      1.0000
    59900.0000     21.8407      0.4683      1.0000
    60000.0000     20.8053      0.4573      1.0000
    60100.0000     22.3679      0.4740      1.0000
    60200.0000     22.7287      0.4774      1.0000
    60300.0000     22.6436      0.4766      1.0000
    60400.0000     22.6279      0.4768      1.0000
    60500.0000     22.2856      0.4731      1.0000
    60600.0000     22.3579      0.4739      1.0000
    60700.0000     21.4605      0.4643      1.0000
    60800.0000     20.9556      0.4588      1.0000
    60900.0000     22.0307      0.4703      1.0000
    61000.0000     21.7784      0.4675      1.0000
    61100.0000     22.1382      0.4715      1.0000
    61200.0000     22.7902      0.4785      1.0000
    61300.0000     24.8253      0.4993      1.0000
    61400.0000     26.0233      0.5110      1.0000
    61500.0000     26.0205      0.5111      1.0000
    61600.0000     26.0307      0.5111      1.0000
    61700.0000     25.3036      0.5037      1.0000
    61800.0000     24.0507      0.4913      1.0000
    61900.0000     22.7864      0.4779      1.0000
    62000.0000     21.1410      0.4606      1.0000
    62100.0000     19.9484      0.4475      1.0000
    62200.0000     21.2210      0.4615      1.0000
    62300.0000     21.2579      0.4622      1.0000
    62400.0000     24.5487      0.4961      1.0000
    62500.0000     25.6907      0.5077      1.0000
    62600.0000     26.5751      0.5166      1.0000
    62700.0000     28.1035      0.5308      1.0000
    62800.0000     26.1607      0.5124      1.0000
    62900.0000     27.1105      0.5216      1.0000
    63000.0000     26.3510      0.5140      1.0000
    63100.0000     25.4153      0.5052      1.0000
    63200.0000     23.1805      0.4825      1.0000
    63300.0000     24.8733      0.4996      1.0000
    63400.0000     24.6756      0.4977      1.0000
    63500.0000     24.4107      0.4950      1.0000
    63600.0000     23.8630      0.4895      1.0000
    63700.0000     22.5536      0.4757      1.0000
    63800.0000     23.2036      0.4825      1.0000
    63900.0000     22.5664      0.4756      1.0000
    64000.0000     23.8333      0.4891      1.0000
    64100.0000     22.8582      0.4791      1.0000
    64200.0000     24.1259      0.4920      1.0000
    64300.0000     24.2953      0.4940      1.0000
    64400.0000     23.9312      0.4898      1.0000
    64500.0000     22.2430      0.4726      1.0000
    64600.0000     21.1856      0.4613      1.0000
    64700.0000     21.1838      0.4609      1.0000
    64800.0000     20.3987      0.4523      1.0000
    64900.0000     20.4407      0.4531      1.0000
    65000.0000     20.2438      0.4505      1.0000
    65100.0000     19.7833      0.4457      1.0000
    65200.0000     19.5459      0.4430      1.0000
    65300.0000     18.6987      0.4332      1.0000
    65400.0000     17.6838      0.4212      1.0000
    65500.0000     17.3082      0.4171      1.0000
    65600.0000     17.5856      0.4204      1.0000
    65700.0000     17.0082      0.4135      1.0000
    65800.0000     17.3210      0.4171      1.0000
    65900.0000     17.1338      0.4146      1.0000
    66000.0000     17.1010      0.4144      1.0000
    66100.0000     16.5038      0.4069      1.0000
    66200.0000     15.4836      0.3944      1.0000
    66300.0000     15.2887      0.3919      1.0000
    66400.0000     15.0210      0.3885      1.0000
    66500.0000     14.9543      0.3871      1.0000
    66600.0000     15.5207      0.3950      1.0000
    66700.0000     15.1292      0.3895      1.0000
    66800.0000     15.0912      0.3893      1.0000
    66900.0000     16.5584      0.4079      1.0000
    67000.0000     17.5933      0.4204      1.0000
    67100.0000     17.5636      0.4200      1.0000
    67200.0000     19.5261      0.4427      1.0000
    67300.0000     18.3887      0.4296      1.0000
    67400.0000     17.8761      0.4236      1.0000
    67500.0000     18.2207      0.4279      1.0000
    67600.0000     19.1759      0.4388      1.0000
    67700.0000     18.6661      0.4329      1.0000
    67800.0000     18.4207      0.4302      1.0000
    67900.0000     18.1351      0.4273      1.0000
    68000.0000     17.9135      0.4241      1.0000
    68100.0000     16.9487      0.4125      1.0000
    68200.0000     16.6899      0.4101      1.0000
    68300.0000     16.5305      0.4079      1.0000
    68400.0000     16.1012      0.4021      1.0000
    68500.0000     16.0161      0.4011      1.0000
    68600.0000     16.2336      0.4038      1.0000
    68700.0000     16.5705      0.4083      1.0000
    68800.0000     16.3684      0.4055      1.0000
    68900.0000     15.2312      0.3911      1.0000
    69000.0000     15.8438      0.3987      1.0000
    69100.0000     16.2007      0.4036      1.0000
    69200.0000     17.1264      0.4145      1.0000
    69300.0000     17.0882      0.4144      1.0000
    69400.0000     16.0835      0.4019      1.0000
    69500.0000     16.5089      0.4069      1.0000
    69600.0000     16.4656      0.4069      1.0000
    69700.0000     16.6384      0.4089      1.0000
    69800.0000     17.2384      0.4161      1.0000
    69900.0000     18.8638      0.4350      1.0000
    70000.0000     18.8861      0.4354      1.0000
    70100.0000     19.7753      0.4458      1.0000
    70200.0000     20.2364      0.4504      1.0000
    70300.0000     19.2807      0.4401      1.0000
    70400.0000     18.4033      0.4300      1.0000
    70500.0000     17.4259      0.4184      1.0000
    70600.0000     17.9410      0.4245      1.0000
    70700.0000     17.6461      0.4209      1.0000
    70800.0000     18.3561      0.4293      1.0000
    70900.0000     18.0684      0.4260      1.0000
    71000.0000     19.5661      0.4431      1.0000
    71100.0000     19.7059      0.4448      1.0000
    71200.0000     20.2161      0.4504      1.0000
    71300.0000     21.1735      0.4610      1.0000
    71400.0000     19.6987      0.4445      1.0000
    71500.0000     20.4182      0.4529      1.0000
    71600.0000     19.8112      0.4457      1.0000
    71700.0000     20.7328      0.4565      1.0000
    71800.0000     20.4235      0.4527      1.0000
    71900.0000     19.8787      0.4465      1.0000
    72000.0000     21.3484      0.4629      1.0000
    72100.0000     21.3136      0.4625      1.0000
    72200.0000     20.2082      0.4505      1.0000
    72300.0000     20.4330      0.4531      1.0000
    72400.0000     20.7133      0.4561      1.0000
    72500.0000     20.2356      0.4509      1.0000
    72600.0000     19.7682      0.4456      1.0000
    72700.0000     20.9661      0.4587      1.0000
    72800.0000     20.8753      0.4580      1.0000
    72900.0000     21.4082      0.4637      1.0000
    73000.0000     20.8507      0.4576      1.0000
    73100.0000     21.5356      0.4651      1.0000
    73200.0000     21.8810      0.4686      1.0000
    73300.0000     22.0512      0.4702      1.0000
    73400.0000     22.5638      0.4756      1.0000
    73500.0000     23.7582      0.4884      1.0000
    73600.0000     23.2425      0.4834      1.0000
    73700.0000     23.4505      0.4853      1.0000
    73800.0000     24.5784      0.4966      1.0000
    73900.0000     24.9499      0.5008      1.0000
    74000.0000     26.0033      0.5108      1.0000
    74100.0000     25.9010      0.5096      1.0000
    74200.0000     23.2259      0.4828      1.0000
    74300.0000     23.9838      0.4903      1.0000
    74400.0000     24.1484      0.4922      1.0000
    74500.0000     23.7630      0.4885      1.0000
    74600.0000     23.5630      0.4864      1.0000
    74700.0000     24.2082      0.4929      1.0000
    74800.0000     25.4905      0.5059      1.0000
    74900.0000     27.4182      0.5245      1.0000
    75000.0000     28.9210      0.5384      1.0000
    75100.0000     31.7879      0.5647      1.0000
    75200.0000     31.7153      0.5641      1.0000
    75300.0000     32.1722      0.5684      1.0000
    75400.0000     32.3076      0.5694      1.0000
    75500.0000     33.2659      0.5774      1.0000
    75600.0000     30.5107      0.5532      1.0000
    75700.0000     29.2928      0.5422      1.0000
    75800.0000     26.6461      0.5168      1.0000
    75900.0000     26.5971      0.5171      1.0000
    76000.0000     25.2607      0.5035      1.0000
    76100.0000     25.0756      0.5017      1.0000
    76200.0000     24.6079      0.4971      1.0000
    76300.0000     23.3736      0.4841      1.0000
    76400.0000     22.8859      0.4793      1.0000
    76500.0000     23.4859      0.4855      1.0000
    76600.0000     23.0361      0.4806      1.0000
    76700.0000     22.1656      0.4718      1.0000
    76800.0000     21.1338      0.4603      1.0000
    76900.0000     20.5684      0.4544      1.0000
    77000.0000     20.0259      0.4484      1.0000
    77100.0000     19.7812      0.4454      1.0000
    77200.0000     19.5812      0.4432      1.0000
    77300.0000     19.8192      0.4456      1.0000
    77400.0000     19.0410      0.4372      1.0000
    77500.0000     19.2287      0.4392      1.0000
    77600.0000     19.6907      0.4447      1.0000
    77700.0000     17.6838      0.4212      1.0000
    77800.0000     18.6584      0.4329      1.0000
    77900.0000     19.0735      0.4376      1.0000
    78000.0000     17.7461      0.4221      1.0000
    78100.0000     18.4833      0.4309      1.0000
    78200.0000     19.8384      0.4463      1.0000
    78300.0000     19.7610      0.4454      1.0000
    78400.0000     21.0710      0.4599      1.0000
    78500.0000     21.0259      0.4594      1.0000
    78600.0000     20.7330      0.4564      1.0000
    78700.0000     21.7456      0.4673      1.0000
    78800.0000     20.5856      0.4547      1.0000
    78900.0000     20.4333      0.4530      1.0000
    79000.0000     20.4433      0.4531      1.0000
    79100.0000     20.2315      0.4503      1.0000
    79200.0000     20.6107      0.4550      1.0000
    79300.0000     19.3738      0.4408      1.0000
    79400.0000     20.2333      0.4508      1.0000
    79500.0000     20.8187      0.4569      1.0000
    79600.0000     21.2484      0.4618      1.0000
    79700.0000     22.3661      0.4736      1.0000
    79800.0000     22.9035      0.4794      1.0000
    79900.0000     22.5828      0.4763      1.0000
    80000.0000     22.5756      0.4761      1.0000
    80100.0000     23.6333      0.4870      1.0000
    80200.0000     24.2164      0.4926      1.0000
    80300.0000     22.7384      0.4777      1.0000
    80400.0000     22.2725      0.4733      1.0000
    80500.0000     23.1328      0.4821      1.0000
    80600.0000     22.3535      0.4736      1.0000
    80700.0000     22.4736      0.4749      1.0000
    80800.0000     22.1779      0.4720      1.0000
    80900.0000     22.0135      0.4700      1.0000
    81000.0000     20.8010      0.4569      1.0000
    81100.0000     19.0012      0.4366      1.0000
    81200.0000     17.9684      0.4248      1.0000
    81300.0000     18.1559      0.4270      1.0000
    81400.0000     17.5938      0.4201      1.0000
    81500.0000     17.4536      0.4186      1.0000
    81600.0000     17.8341      0.4228      1.0000
    81700.0000     17.7556      0.4225      1.0000
    81800.0000     17.5759      0.4202      1.0000
    81900.0000     17.2782      0.4167      1.0000
    82000.0000     18.7461      0.4338      1.0000
    82100.0000     18.0959      0.4263      1.0000
    82200.0000     18.7930      0.4346      1.0000
    82300.0000     18.2956      0.4288      1.0000
    82400.0000     18.9664      0.4361      1.0000
    82500.0000     18.9756      0.4367      1.0000
    82600.0000     18.4038      0.4296      1.0000
    82700.0000     18.2861      0.4285      1.0000
    82800.0000     18.6810      0.4331      1.0000
    82900.0000     19.1361      0.4383      1.0000
    83000.0000     19.0307      0.4372      1.0000
    83100.0000     17.4651      0.4193      1.0000
    83200.0000     18.1815      0.4269      1.0000
    83300.0000     18.0038      0.4250      1.0000
    83400.0000     17.7110      0.4217      1.0000
    83500.0000     18.0859      0.4262      1.0000
    83600.0000     18.7659      0.4341      1.0000
    83700.0000     18.1138      0.4262      1.0000
    83800.0000     19.2838      0.4398      1.0000
    83900.0000     18.9859      0.4367      1.0000
    84000.0000     19.6961      0.4446      1.0000
    84100.0000     19.9882      0.4481      1.0000
    84200.0000     19.9538      0.4473      1.0000
    84300.0000     19.6356      0.4442      1.0000
    84400.0000     18.5066      0.4307      1.0000
    84500.0000     19.4741      0.4418      1.0000
    84600.0000     18.7376      0.4342      1.0000
    84700.0000     18.8033      0.4346      1.0000
    84800.0000     18.1510      0.4269      1.0000
    84900.0000     18.2507      0.4282      1.0000
    85000.0000     18.0364      0.4253      1.0000
    85100.0000     18.0759      0.4261      1.0000
    85200.0000     18.1241      0.4262      1.0000
    85300.0000     17.8633      0.4236      1.0000
    85400.0000     18.0982      0.4265      1.0000
    85500.0000     18.1087      0.4263      1.0000
    85600.0000     18.8699      0.4358      1.0000
    85700.0000     18.2459      0.4281      1.0000
    85800.0000     18.6412      0.4324      1.0000
    85900.0000     19.1312      0.4380      1.0000
    86000.0000     18.2287      0.4278      1.0000
    86100.0000     20.0038      0.4479      1.0000
    86200.0000     20.3038      0.4512      1.0000
    86300.0000     20.6633      0.4555      1.0000
    86400.0000     19.8759      0.4467      1.0000
    86500.0000     19.2256      0.4395      1.0000
    86600.0000     18.8112      0.4344      1.0000
    86700.0000     18.5564      0.4314      1.0000
    86800.0000     18.3582      0.4295      1.0000
    86900.0000     17.8282      0.4233      1.0000
    87000.0000     17.2761      0.4165      1.0000
    87100.0000     16.9161      0.4121      1.0000
    87200.0000     17.7989      0.4225      1.0000
    87300.0000     17.7038      0.4214      1.0000
    87400.0000     17.7912      0.4225      1.0000
    87500.0000     16.2815      0.4041      1.0000
    87600.0000     17.3889      0.4176      1.0000
    87700.0000     16.9859      0.4131      1.0000
    87800.0000     16.3261      0.4049      1.0000
    87900.0000     16.8036      0.4108      1.0000
    88000.0000     15.9235      0.3999      1.0000
    88100.0000     15.9541      0.4000      1.0000
    88200.0000     15.9141      0.3995      1.0000
    88300.0000     16.1284      0.4026      1.0000
    88400.0000     15.2036      0.3908      1.0000
    88500.0000     15.5336      0.3950      1.0000
    88600.0000     16.0761      0.4018      1.0000
    88700.0000     16.8864      0.4116      1.0000
    88800.0000     16.6415      0.4085      1.0000
    88900.0000     16.8856      0.4120      1.0000
    89000.0000     16.7615      0.4100      1.0000
    89100.0000     16.4215      0.4058      1.0000
    89200.0000     15.3287      0.3924      1.0000
    89300.0000     16.2484      0.4041      1.0000
    89400.0000     15.3538      0.3926      1.0000
    89500.0000     15.9715      0.4002      1.0000
    89600.0000     14.4187      0.3806      1.0000
    89700.0000     14.8761      0.3866      1.0000
    89800.0000     16.5141      0.4069      1.0000
    89900.0000     17.1705      0.4155      1.0000
    90000.0000     18.9189      0.4355      1.0000
    90100.0000     19.0482      0.4375      1.0000
    90200.0000     19.2435      0.4395      1.0000
    90300.0000     19.1807      0.4389      1.0000
    90400.0000     19.6485      0.4442      0.0297
    90500.0000     20.1164      0.4495      0.1090
    90600.0000     20.5843      0.4546      0.0000
    90700.0000     21.0521      0.4692      0.9603
    90800.0000     21.5484      0.4651      1.0000
    90900.0000     21.7756      0.4676      1.0000
    91000.0000     22.4833      0.4751      1.0000
    91100.0000     21.7382      0.4672      1.0000
    91200.0000     23.6507      0.4872      1.0000
    91300.0000     23.4082      0.4848      1.0000
    91400.0000     23.2259      0.4828      1.0000
    91500.0000     21.9610      0.4695      1.0000
    91600.0000     20.4379      0.4532      1.0000
    91700.0000     20.3853      0.4526      1.0000
    91800.0000     20.5233      0.4540      1.0000
    91900.0000     20.1912      0.4500      1.0000
    92000.0000     18.6979      0.4336      1.0000
    92100.0000     19.0482      0.4375      1.0000
    92200.0000     18.2961      0.4286      1.0000
    92300.0000     17.4130      0.4184      1.0000
    92400.0000     18.2005      0.4278      1.0000
    92500.0000     17.6851      0.4220      1.0000
    92600.0000     16.8807      0.4119      1.0000
    92700.0000     17.3410      0.4173      1.0000
    92800.0000     18.1533      0.4270      1.0000
    92900.0000     17.2061      0.4157      1.0000
    93000.0000     17.8784      0.4238      1.0000
    93100.0000     17.8161      0.4229      1.0000
    93200.0000     17.1510      0.4150      1.0000
    93300.0000     17.5618      0.4195      1.0000
    93400.0000     17.6533      0.4212      1.0000
    93500.0000     18.5164      0.4309      1.0000
    93600.0000     18.9736      0.4364      1.0000
    93700.0000     18.4212      0.4299      1.0000
    93800.0000     19.1436      0.4384      1.0000
    93900.0000     19.1528      0.4389      1.0000
    94000.0000     19.3561      0.4408      1.0000
    94100.0000     19.6089      0.4434      1.0000
    94200.0000     19.6861      0.4445      1.0000
    94300.0000     20.4630      0.4534      1.0000
    94400.0000     21.0012      0.4589      1.0000
    94500.0000     21.3684      0.4631      1.0000
    94600.0000     22.6410      0.4766      1.0000
    94700.0000     23.1579      0.4823      1.0000
    94800.0000     22.3630      0.4739      1.0000
    94900.0000     21.2064      0.4611      1.0000
    95000.0000     20.5687      0.4542      1.0000
    95100.0000     20.5835      0.4545      1.0000
    95200.0000     20.3453      0.4522      1.0000
    95300.0000     19.0605      0.4377      1.0000
    95400.0000     19.1315      0.4379      1.0000
    95500.0000     18.6487      0.4326      1.0000
    95600.0000     18.2961      0.4286      1.0000
    95700.0000     17.4687      0.4188      1.0000
    95800.0000     17.5410      0.4197      1.0000
    95900.0000     16.6136      0.4085      1.0000
    96000.0000     16.6459      0.4090      1.0000
    96100.0000     17.1064      0.4142      1.0000
    96200.0000     18.1728      0.4276      1.0000
    96300.0000     19.2961      0.4401      1.0000
    96400.0000     20.4656      0.4534      1.0000
    96500.0000     21.0315      0.4591      1.0000
    96600.0000     22.1741      0.4714      1.0000
    96700.0000     21.4856      0.4645      1.0000
    96800.0000     21.0659      0.4599      1.0000
    96900.0000     20.4759      0.4534      1.0000
    97000.0000     21.5512      0.4649      1.0000
    97100.0000     21.2822      0.4645      0.9898
    97200.0000     21.3456      0.4630      1.0000
    97300.0000     22.1761      0.4716      1.0000
    97400.0000     21.9387      0.4690      1.0000
    97500.0000     22.8782      0.4793      1.0000
    97600.0000     21.1984      0.4613      1.0000
    97700.0000     20.6082      0.4550      1.0000
    97800.0000     21.4087      0.4633      1.0000
    97900.0000     21.4830      0.4645      1.0000
    98000.0000     23.6835      0.4873      1.0000
    98100.0000     22.4553      0.4750      1.0000
    98200.0000     22.1705      0.4719      1.0000
    98300.0000     23.3082      0.4837      1.0000
    98400.0000     21.7856      0.4677      1.0000
    98500.0000     21.6802      0.4668      1.0000
    98600.0000     20.9959      0.4591      1.0000
    98700.0000     20.5559      0.4543      1.0000
    98800.0000     21.0361      0.4594      1.0000
    98900.0000     21.0256      0.4595      1.0000
    99000.0000     20.4607      0.4533      1.0000
    99100.0000     21.3053      0.4627      1.0000
    99200.0000     22.7759      0.4781      1.0000
    99300.0000     22.7689      0.4777      1.0000
    99400.0000     22.3361      0.4733      1.0000
    99500.0000     22.1310      0.4713      1.0000
    99600.0000     21.9410      0.4692      1.0000
    99700.0000     19.3138      0.4401      1.0000
    99800.0000     19.7433      0.4453      1.0000
    99900.0000     18.4928      0.4313      1.0000
   100000.0000     18.6761      0.4330      1.0000
   100100.0000     18.6910      0.4332      1.0000
   100200.0000     18.8305      0.4351      1.0000
   100300.0000     17.4238      0.4181      1.0000
   100400.0000     18.0807      0.4262      1.0000
   100500.0000     17.5135      0.4194      1.0000
   100600.0000     18.3559      0.4294      1.0000
   100700.0000     18.2861      0.4285      1.0000
   100800.0000     18.4887      0.4308      1.0000
   100900.0000     19.4064      0.4411      1.0000
   101000.0000     19.8033      0.4460      1.0000
   101100.0000     19.9107      0.4472      1.0000
   101200.0000     19.8289      0.4459      1.0000
   101300.0000     18.1838      0.4271      1.0000
   101400.0000     18.7136      0.4334      1.0000
   101500.0000     18.9412      0.4359      1.0000
   101600.0000     19.1059      0.4380      1.0000
   101700.0000     19.0782      0.4378      1.0000
   101800.0000     18.4887      0.4308      1.0000
   101900.0000     17.6410      0.4209      1.0000
   102000.0000     17.5010      0.4192      1.0000
   102100.0000     16.0484      0.4016      1.0000
   102200.0000     16.5161      0.4073      1.0000
   102300.0000     15.9033      0.3998      1.0000
   102400.0000     14.9510      0.3876      1.0000
   102500.0000     14.7161      0.3845      1.0000
   102600.0000     14.7466      0.3845      1.0000
   102700.0000     14.7464      0.3847      1.0000
   102800.0000     14.6489      0.3834      1.0000
   102900.0000     13.9212      0.3740      1.0000
   103000.0000     13.5387      0.3688      1.0000
   103100.0000     13.0089      0.3613      1.0000
   103200.0000     12.4666      0.3537      1.0000
   103300.0000     12.3841      0.3525      1.0000
   103400.0000     12.8238      0.3589      1.0000
   103500.0000     13.1607      0.3639      1.0000
   103600.0000     12.5892      0.3553      1.0000
   103700.0000     11.8461      0.3452      1.0000
   103800.0000     11.6961      0.3430      1.0000
   103900.0000     11.5312      0.3405      1.0000
   104000.0000     11.2612      0.3365      1.0000
   104100.0000     10.9838      0.3323      1.0000
   104200.0000     11.5412      0.3406      1.0000
   104300.0000     11.0661      0.3337      1.0000
   104400.0000     10.9789      0.3322      1.0000
   104500.0000     10.1705      0.3205      1.0000
   104600.0000     10.7936      0.3296      1.0000
   104700.0000     10.0889      0.3185      1.0000
   104800.0000     10.1610      0.3199      1.0000
   104900.0000     10.2466      0.3207      1.0000
   105000.0000     10.3079      0.3226      1.0000
   105100.0000      9.9425      0.3173      1.0000
   105200.0000     10.4907      0.3253      1.0000
   105300.0000     11.0625      0.3345      1.0000
   105400.0000     11.0192      0.3325      1.0000
   105500.0000     11.0036      0.3328      1.0000
   105600.0000     11.0007      0.3330      1.0000
   105700.0000     10.8338      0.3300      1.0000
   105800.0000     10.6228      0.3276      1.0000
   105900.0000     11.4261      0.3390      1.0000
   106000.0000     10.7433      0.3291      1.0000
   106100.0000     11.0635      0.3337      1.0000
   106200.0000     10.6174      0.3278      1.0000
   106300.0000     11.0859      0.3341      1.0000
   106400.0000     10.8005      0.3301      1.0000
   106500.0000     10.5564      0.3258      1.0000
   106600.0000     10.2830      0.3222      1.0000
   106700.0000     11.2305      0.3366      1.0000
   106800.0000     11.5206      0.3425      1.0000
   106900.0000      9.8991      0.3172      1.0000
   107000.0000     10.2032      0.3227      1.0000
   107100.0000      9.9842      0.3204      1.0000
   107200.0000      9.8925      0.3165      1.0000
   107300.0000     10.2540      0.3228      1.0000
   107400.0000     10.0426      0.3225      1.0000
   107500.0000     10.9186      0.3333      1.0000
   107600.0000     10.7626      0.3335      1.0000
   107700.0000     10.9794      0.3337      1.0000
   107800.0000     11.0824      0.3367      1.0000
   107900.0000     10.8548      0.3369      1.0000
   108000.0000     10.7565      0.3324      1.0000
   108100.0000     11.7347      0.3463      1.0000
   108200.0000     10.7606      0.3331      1.0000
   108300.0000     10.9536      0.3320      1.0000
   108400.0000     11.9109      0.3480      1.0000
   108500.0000     12.2827      0.3538      1.0000
   108600.0000     12.0814      0.3501      1.0000
   108700.0000     12.4997      0.3555      1.0000
   108800.0000     13.1443      0.3647      1.0000
   108900.0000     13.1645      0.3648      1.0000
   109000.0000     13.0324      0.3661      1.0000
   109100.0000     13.8414      0.3760      1.0000
   109200.0000     13.9805      0.3800      1.0000
   109300.0000     14.7546      0.4727      0.6840
   109400.0000     14.7396      0.5096      0.5820
   109500.0000     13.8703      0.3810      0.9745
   109600.0000     14.0139      0.3799      1.0000
   109700.0000     13.5170      0.3712      1.0000
   109800.0000     14.2102      0.3833      1.0000
   109900.0000     14.3587      0.3845      1.0000
   110000.0000     13.6047      0.3740      1.0000
   110100.0000     13.7864      0.3786      1.0000
   110200.0000     13.7028      0.3765      1.0000
   110300.0000     12.6301      0.3604      1.0000
   110400.0000     12.9951      0.3621      1.0000
   110500.0000     12.1508      0.3550      1.0000
   110600.0000     13.4746      0.3740      1.0000
   110700.0000     13.0816      0.3656      1.0000
   110800.0000     12.8693      0.3626      1.0000
   110900.0000     13.1289      0.3648      1.0000
   111000.0000     13.5812      0.3710      1.0000
   111100.0000     12.8382      0.3646      1.0000
   111200.0000     13.2544      0.3695      1.0000
   111300.0000     13.0080      0.3654      1.0000
   111400.0000     13.3352      0.3701      1.0000
   111500.0000     12.6660      0.3603      1.0000
   111600.0000     12.5963      0.3574      1.0000
   111700.0000     12.4202      0.3592      1.0000
   111800.0000     12.9872      0.3673      1.0000
   111900.0000     12.0803      0.3595      1.0000
   112000.0000     13.0196      0.3694      1.0000
   112100.0000     12.5389      0.3566      1.0000
   112200.0000     12.4608      0.3594      1.0000
   112300.0000     12.0619      0.3512      1.0000
   112400.0000     12.3160      0.3554      1.0000
   112500.0000     11.5078      0.3426      1.0000
   112600.0000     11.2586      0.3384      1.0000
   112700.0000     12.1914      0.3535      1.0000
   112800.0000     11.8770      0.3502      1.0000
   112900.0000     12.5272      0.3593      1.0000
   113000.0000     11.8537      0.3488      1.0000
   113100.0000     12.3523      0.3585      1.0000
   113200.0000     12.0956      0.3543      1.0000
   113300.0000     11.7487      0.3490      1.0000
   113400.0000     10.9203      0.3358      1.0000
   113500.0000     11.3472      0.3443      1.0000
   113600.0000     11.1518      0.3417      1.0000
   113700.0000     11.1625      0.3414      1.0000
   113800.0000     11.3501      0.3423      1.0000
   113900.0000     11.8847      0.3502      1.0000
   114000.0000     12.2687      0.3563      1.0000
   114100.0000     12.0228      0.3535      1.0000
   114200.0000     12.8567      0.3641      1.0000
   114300.0000     13.0952      0.3668      1.0000
   114400.0000     12.3920      0.3593      1.0000
   114500.0000     11.8531      0.3509      1.0000
   114600.0000     12.1649      0.3541      1.0000
   114700.0000     11.6621      0.3471      1.0000
   114800.0000     11.7808      0.3480      1.0000
   114900.0000     12.7299      0.3653      1.0000
   115000.0000     12.1066      0.3555      1.0000
   115100.0000     12.8145      0.3618      1.0000
   115200.0000     13.1428      0.3690      1.0000
   115300.0000     13.5846      0.3754      1.0000
   115400.0000     13.6458      0.3787      1.0000
   115500.0000     13.4353      0.3746      1.0000
   115600.0000     13.8070      0.3769      1.0000
   115700.0000     14.2667      0.3831      1.0000
   115800.0000     13.6095      0.3742      1.0000
   115900.0000     12.8462      0.3644      1.0000
   116000.0000     12.9999      0.3690      1.0000
   116100.0000     13.6835      0.3774      1.0000
   116200.0000     14.0720      0.3819      1.0000
   116300.0000     14.2379      0.3851      1.0000
   116400.0000     13.0915      0.3692      1.0000
   116500.0000     13.0056      0.3670      1.0000
   116600.0000     13.3595      0.3725      1.0000
   116700.0000     13.1948      0.3700      1.0000
   116800.0000     13.8069      0.3785      1.0000
   116900.0000     14.7550      0.3936      1.0000
   117000.0000     14.7668      0.3926      1.0000
   117100.0000     14.0452      0.3843      1.0000
   117200.0000     13.4308      0.3774      1.0000
   117300.0000     14.0252      0.3857      1.0000
   117400.0000     13.1842      0.3736      1.0000
   117500.0000     13.7835      0.3803      1.0000
   117600.0000     13.0152      0.3706      1.0000
   117700.0000     12.8098      0.3682      1.0000
   117800.0000     12.6994      0.3653      1.0000
   117900.0000     11.8209      0.3588      1.0000
   118000.0000     12.4551      0.3664      1.0000
   118100.0000     12.4138      0.3651      1.0000
   118200.0000     12.2394      0.3657      1.0000
   118300.0000     11.2956      0.3517      1.0000
   118400.0000     11.0509      0.3498      1.0000
   118500.0000     10.5438      0.3385      1.0000
   118600.0000      9.7382      0.3323      1.0000
   118700.0000      9.3137      0.3311      1.0000
   118800.0000      9.2859      0.3273      1.0000
   118900.0000      9.0394      0.3245      1.0000
   119000.0000      8.8693      0.3183      1.0000
   119100.0000      9.1730      0.3202      1.0000
   119200.0000      8.9022      0.3165      1.0000
   119300.0000      7.7171      0.2952      1.0000
   119400.0000      7.6384      0.2949      1.0000
   119500.0000      7.6529      0.2976      1.0000
   119600.0000      8.1471      0.3024      1.0000
   119700.0000      7.5210      0.2907      1.0000
   119800.0000      7.4185      0.2868      1.0000
   119900.0000      7.7595      0.3022      1.0000
   120000.0000      7.4971      0.2936      1.0000
   120100.0000      7.5602      0.2920      1.0000
   120200.0000      7.4898      0.2953      1.0000
   120300.0000      7.4961      0.3006      1.0000
   120400.0000      7.0572      0.2963      1.0000
   120500.0000      7.3675      0.3014      1.0000
   120600.0000      7.2701      0.2976      1.0000
   120700.0000      7.1940      0.2889      1.0000
   120800.0000      8.0458      0.3018      1.0000
   120900.0000      7.2989      0.2887      1.0000
   121000.0000      7.1193      0.2895      1.0000
   121100.0000      7.4660      0.2939      1.0000
   121200.0000      7.2383      0.2902      1.0000
   121300.0000      7.6707      0.2956      1.0000
   121400.0000      7.4857      0.2944      1.0000
   121500.0000      7.2273      0.2909      1.0000
   121600.0000      8.3910      0.3053      1.0000
   121700.0000      8.7948      0.3127      1.0000
   121800.0000      8.3822      0.3082      1.0000
   121900.0000      8.7773      0.3086      1.0000
   122000.0000      8.6942      0.3077      1.0000
   122100.0000      8.5366      0.3011      1.0000
   122200.0000      9.0950      0.3115      1.0000
   122300.0000      9.8814      0.3247      1.0000
   122400.0000      9.6045      0.3200      1.0000
   122500.0000      9.3853      0.3159      1.0000
   122600.0000     10.4082      0.3296      1.0000
   122700.0000     11.0477      0.3395      1.0000
   122800.0000     11.0820      0.3423      1.0000
   122900.0000     11.2533      0.3439      1.0000
   123000.0000     12.4467      0.3586      1.0000
   123100.0000     13.4711      0.3713      1.0000
   123200.0000     12.9731      0.3648      1.0000
   123300.0000     13.3914      0.3700      1.0000
   123400.0000     12.3080      0.3557      1.0000
   123500.0000     12.2519      0.3539      1.0000
   123600.0000     12.1970      0.3548      1.0000
   123700.0000     11.2875      0.3414      1.0000
   123800.0000     10.8608      0.3364      1.0000
   123900.0000     10.7360      0.3325      1.0000
   124000.0000     10.9329      0.3359      1.0000
   124100.0000     10.2914      0.3254      1.0000
   124200.0000     10.8347      0.3331      1.0000
   124300.0000     11.4399      0.3420      1.0000
   124400.0000     11.9477      0.3507      1.0000
   124500.0000     12.0465      0.3513      1.0000
   124600.0000     11.9793      0.3501      1.0000
   124700.0000     11.6778      0.3451      1.0000
   124800.0000     12.0807      0.3506      1.0000
   124900.0000     12.1807      0.3520      1.0000
   125000.0000     11.9453      0.3490      1.0000
   125100.0000     11.9227      0.3487      1.0000
   125200.0000     11.2835      0.3388      1.0000
   125300.0000     10.9778      0.3348      1.0000
   125400.0000     10.5422      0.3287      1.0000
   125500.0000     10.5670      0.3291      1.0000
   125600.0000     11.0753      0.3363      1.0000
   125700.0000     10.6178      0.3293      1.0000
   125800.0000     10.4330      0.3264      1.0000
   125900.0000      9.9122      0.3189      1.0000
   126000.0000     10.5416      0.3291      1.0000
   126100.0000     10.7068      0.3315      1.0000
   126200.0000     10.5314      0.3291      1.0000
   126300.0000     10.7145      0.3314      1.0000
   126400.0000      9.8670      0.3184      1.0000
   126500.0000     10.7462      0.3324      1.0000
   126600.0000     10.3976      0.3262      1.0000
   126700.0000     10.1368      0.3228      1.0000
   126800.0000      9.2131      0.3090      1.0000
   126900.0000      9.6745      0.3154      1.0000
   127000.0000      9.5831      0.3149      1.0000
   127100.0000      9.4293      0.3135      1.0000
   127200.0000      8.4208      0.2979      1.0000
   127300.0000      8.5519      0.2970      1.0000
   127400.0000      9.1575      0.3086      1.0000
   127500.0000      8.4301      0.2966      1.0000
   127600.0000      7.8231      0.2856      1.0000
   127700.0000      8.2402      0.2953      1.0000
   127800.0000      8.6493      0.3009      1.0000
   127900.0000      8.2133      0.2943      1.0000
   128000.0000      7.8420      0.2890      1.0000
   128100.0000      7.8897      0.2897      1.0000
   128200.0000      7.3408      0.2792      1.0000
   128300.0000      7.8751      0.2891      1.0000
   128400.0000      7.6038      0.2855      1.0000
   128500.0000      7.8941      0.3925      0.5477
